.Random.seed <-
c(10403L, 10L, -2085198752L, 502575614L, -309291639L, -23178565L, 
-748700022L, -871630484L, 1475493615L, -805336795L, -2109544484L, 
125896114L, 2127500461L, -1590021017L, -1542763634L, 1429113960L, 
-807245717L, -1835273719L, -1057735528L, -108236858L, -1817705695L, 
582569907L, 1907124002L, -1903642348L, 1496750487L, 248187277L, 
-414953308L, -1663104374L, 667140341L, -776165553L, -1472454570L, 
-1304622336L, 6340163L, 917702113L, -1156525744L, -2027255890L, 
1216920921L, 651971435L, 2041760474L, -883135588L, 1609611167L, 
-116457995L, 2098663564L, -1107472030L, 1160432957L, 75054519L, 
346262110L, 2017778584L, 806515451L, 1479817881L, -544390360L, 
1940795862L, -1069851055L, 2098846979L, 664375442L, -600709596L, 
-1813284633L, -790885059L, 1835379124L, -441010662L, -279562907L, 
615136255L, -339338618L, -761066992L, -983002957L, -946844847L, 
-975739136L, 1402496478L, 372641321L, -1164139045L, 1398778602L, 
-389470068L, -1938024497L, -230518907L, -381281220L, -2027942638L, 
950929933L, -1909006009L, -86629586L, 1857535624L, -523454581L, 
1215797097L, -1920693960L, 1875399654L, -581803135L, 1731205907L, 
248571074L, 803176308L, 17458039L, 845108333L, 1713015556L, -394776022L, 
1745657749L, 1551696943L, 173702454L, 605914464L, -1244085341L, 
-1792981823L, 2052048048L, 639050702L, 2100389689L, 1654142795L, 
1991533818L, 158916092L, 611167807L, 597766933L, 459804716L, 
1131925762L, -962160163L, -1722816297L, -664005698L, -284379656L, 
250941915L, -1712537543L, 1569462664L, -1850575562L, -1097535631L, 
1556594083L, 499843314L, -759391164L, -52451577L, -1341552931L, 
-1232295980L, 606516986L, -2080265659L, 230361759L, -1395693530L, 
1099627696L, 1578954067L, 1939069041L, -431143520L, 1181563198L, 
-1822824375L, 389766395L, -1455377206L, 1645144620L, 659713583L, 
-754372891L, 632628124L, 2004149746L, 1126924397L, 1001376167L, 
624884686L, -1454980824L, -1924947157L, -1963081399L, 404092504L, 
1758349062L, 145973985L, 1630373491L, 2061717218L, 1172968020L, 
-57263273L, -1654833331L, -1302338844L, 687934154L, -2091809995L, 
-991639153L, 1421237910L, 750894656L, -620730621L, -1360224479L, 
-1954486256L, -1060491282L, 594595737L, -1917437909L, 808574234L, 
-1403703332L, -1412058657L, 576132533L, -980315316L, -776474206L, 
1550803197L, 625708535L, -2074477794L, 21644760L, 247480123L, 
2127575257L, 483611752L, -1831499370L, 2060736785L, 432593603L, 
1021375186L, -1941171356L, -1282935129L, -1690107907L, 803928564L, 
1342334682L, 1566308389L, 1205826879L, -612803898L, 1418327888L, 
711968627L, -487454319L, 1071774656L, 1526803870L, -1149223063L, 
774552475L, -1000938838L, 949292236L, -796207729L, -1173442107L, 
-1392806532L, 1656004050L, -2031818419L, -1115079673L, -895353874L, 
1370530504L, 1260821963L, -1242982359L, -984662408L, 469097382L, 
-1508012607L, -498365869L, 199246082L, 1936476212L, -1968057929L, 
1251243437L, 438709956L, 2013283050L, 675493205L, 382659311L, 
-1918543626L, -323110880L, 184068579L, -2138768767L, 2047366384L, 
22399886L, 1829487865L, 1073225992L, 2012226700L, 1110201116L, 
-1873719150L, 1264501120L, -399164396L, -180766936L, -1314062790L, 
105619920L, 225436012L, -1609748556L, -1288980974L, 588878816L, 
235328972L, 1936442592L, -1582069726L, 1714786088L, -1256225268L, 
901499708L, 1146969074L, -448245008L, -524484028L, -1226561960L, 
12152634L, 2043046896L, -1035182404L, -172204780L, -112901950L, 
1499006048L, -1224437380L, -1357049904L, 951871778L, 364551848L, 
-729263220L, -1010068292L, 1884317490L, -1201442240L, -132068172L, 
-1332812728L, -1328725574L, -1702662640L, -1783412500L, -1958293164L, 
23277330L, -1227655776L, 842615500L, -245864864L, 1808646082L, 
158702376L, 1377363372L, 94353724L, 858855282L, -839648976L, 
-1736380636L, 1121647928L, -497222950L, -1045878896L, -1579023620L, 
1337200532L, 1890170946L, 1257291008L, -622676932L, 756655440L, 
-2000680798L, 1181947720L, 1898778380L, -474248484L, -1528313006L, 
-777362816L, -384219052L, 2094277608L, -218032390L, 2065887568L, 
-2095273172L, -1092157580L, -2121180270L, 1803353696L, 964960140L, 
760030048L, 1152040930L, 608157608L, 1277969612L, 1839693308L, 
395674546L, -500944400L, 501699012L, -670138024L, 257586554L, 
-1074622032L, -293380164L, -1200000940L, 1243952066L, -1002824672L, 
1199389884L, 454128208L, -420939806L, -897102232L, 1308588620L, 
-349925124L, 1018232818L, -298846976L, 366817140L, -304545784L, 
817774010L, -1339292208L, 328293356L, 1463254932L, -611740718L, 
156264288L, -348504756L, -1163051744L, -1535925374L, -1863650584L, 
-2089433876L, 2018976316L, 1411498866L, -686384528L, -846483420L, 
488144696L, -1622973286L, 1631574736L, 1200998588L, 1868740244L, 
1237257858L, 1515068608L, 1426616636L, -1672271728L, 500458018L, 
1367121416L, 529176844L, 731810460L, 605775378L, 2130576768L, 
1701295636L, -1692439000L, -1062521542L, -1398523952L, 1627595372L, 
-2138509516L, 237869714L, -151185056L, -1556838068L, 1742610400L, 
-1494091870L, -631132248L, 751035276L, -2056644932L, 1985674098L, 
-85796624L, 804261956L, 794885464L, -305986502L, 1483144048L, 
1151986748L, 1353204500L, -1275715134L, -176029472L, 1666353020L, 
771765968L, -109394270L, 1308363816L, -308997876L, -803165252L, 
-1923351246L, -4491328L, -673992140L, 1818508232L, 1599067322L, 
859209616L, -492065300L, -1076613036L, 1638715026L, 1918063392L, 
429434316L, -509936672L, 1564449474L, -1847539160L, -1313577300L, 
-1643091268L, 2066500082L, -1168369360L, -1426015068L, 1738160824L, 
-720776358L, -956533360L, 1577435516L, -2095454956L, 1213174082L, 
896514816L, 720849852L, -1956236464L, -864839390L, -2077901496L, 
670701580L, 1862058076L, 523754706L, 1733113856L, 284998484L, 
990960104L, -1782558726L, 1008340688L, 968152364L, 1946222836L, 
-1450674286L, 1927044192L, 99937548L, -794100000L, -1560527518L, 
1732420264L, 696601164L, 308447100L, -705541326L, -1659226512L, 
307723588L, 2694104L, 822722682L, -1233971664L, 1006338748L, 
-923211948L, 1699156546L, 1801716640L, -1383292740L, -1730364976L, 
-1756256926L, -1465930776L, 875712460L, -35834116L, 214106225L, 
-2038602058L, 827521620L, 1561843429L, 2035159791L, 882474536L, 
-311018874L, 1731200179L, 1301793301L, -2002314126L, -1212172096L, 
151727401L, 1045681051L, -315063188L, 2072922234L, 1815368111L, 
1320585401L, 871848654L, 770332700L, -1380017267L, -1263958537L, 
427702528L, -766175394L, -875147221L, 919359277L, 681530266L, 
-1742073512L, 1338705089L, 117752691L, 894124180L, -162716382L, 
-1545178057L, 694709505L, 1400197126L, -1141184956L, -599818379L, 
-934726945L, 378842680L, -1145516522L, 220283427L, -1056453147L, 
633619458L, -11573648L, -1185684455L, -1031141877L, -2128759556L, 
-1523271382L, -217407649L, 1153040105L, -1735844354L, 124023276L, 
-543426243L, -577738489L, 1070340336L, 1502151822L, 1693941435L, 
-709603683L, 2047179338L, 3037288L, -995276719L, 2014739267L, 
46870084L, 746097906L, 1648699591L, 251906705L, -2141514730L, 
-1537892748L, 2025089285L, -1379063985L, 1394381128L, 355744998L, 
588460563L, 52888949L, 1146845522L, -825011808L, 1529358473L, 
729006267L, -1311909108L, 905947802L, -61464561L, 1646158937L, 
-400709394L, 537045884L, -1095993363L, -28651369L, -1018406048L, 
-249652418L, -1678732277L, -985836403L, 1563026874L, -783266824L, 
-627767391L, -1475985069L, -2063785868L, 123204098L, 111848599L, 
-1876447647L, -1966401882L, -1056694620L, -1810089131L, -1589897217L, 
-190372200L, -308253770L, -557359037L, -1405068923L, -1789744606L, 
1578434832L, 1292968121L, 57132395L, 299949148L, -707808886L, 
1120032127L, -1494902583L, 648142174L, 585932300L, -1606594083L, 
-1772531481L, 1883694352L, 2013916206L, 552284891L, 1611850685L, 
-401343190L, 491536840L, -651133199L, 1566871651L, -1093065628L, 
-1291909230L, -1986368409L, 647128113L, -1580307082L, 2007657108L, 
-659810139L, 948051375L, -358103448L, -1439596986L, 1350908915L, 
-446174379L, -1736129230L, -248198912L, -789966359L, -1268546469L, 
2114379436L, 1878456506L, 2082706031L, -1841250311L, -179011954L, 
